105
1 3
1 10
313273513 69
203 100
273049978 17
100 99
5 2
97 100
4 9
829603365 4
999999999 1
4 1
201 100
3 7
3 2
114382 1
128124448 100
671654092 96
999999999 3
5 1
999999999 2
412538846 2
1 100
101 100
138 6
3 3
97 99
3 6
9 3
99 100
146755893 1
1000000000 99
3 1
4 3
198 99
201 99
199 100
1000000000 94
101 99
2 2
593065517 43
7 2
999999999 100
443452894 88
4 8
96 99
196 99
997184809 100
417021999 1
8 3
345560726 67
4 4
200 100
1 99
6 2
3 100
1000000000 3
2 1
1000000000 100
1 73
102 99
783314473 84
27387596 54
396767469 94
195 99
4 6
202 100
199 99
197 99
98 100
4 5
1000000000 1
2 3
102 100
4 7
103 100
524548163 21
198 100
3 5
1 2
558689828 44
999999999 99
6 3
411787879 54
1000000000 40
7 3
1 1
1000000000 2
5 3
236088977 100
98 99
4 2
1 31
2 5
100 100
968261572 81
197 100
2 100
3 99
200 99
59243198 88
3 4
99 99
2 4
2 99
